time,x,y,z,phi,theta,psi,x_velocity,y_velocity,z_velocity,phi_velocity,theta_velocity,psi_velocity,rotor_speed1,rotor_speed2,rotor_speed3,rotor_speed4
0.06,-6.678025711488329e-07,-9.097557712360107e-08,10.007111983440621,6.282893515320463,0.000463993950565289,0.0,-5.467134747885084e-05,-1.7931947208094357e-05,0.23704629872186578,-0.016997846163370453,0.019900091686899084,0.0,477.9489203744902,479.46284531561935,478.7663764660705,477.47166546181114
0.12000000000000001,-1.914965683501633e-05,-1.1797819320920276e-05,10.025902136325502,6.281930912145331,0.0016262951953578408,0.0,-0.0006906802581236207,-0.00048098627924233225,0.38925173122356777,-0.01419980120067632,0.018293453082125842,0.0,452.9264716734111,452.79721228317106,453.5066553522227,453.7314045830994
0.18,-0.00010517694218245904,-7.162444288789388e-05,10.056024653518518,6.282777257939944,0.002562842297822776,0.0,-0.0023001316895977847,-0.001480316010037436,0.6147375944392864,0.04323115874833992,0.009612724375317542,0.0,475.39840794921633,474.7327884066389,473.2149374983343,477.6146761508127
0.23999999999999996,-0.00030899879570406655,-0.00015873988771648403,10.09994482269477,0.0018732914383310373,0.002930937171775838,0.0,-0.004552490508126275,-0.0011229297679002763,0.8491230574108296,0.024766344965569603,-0.0019316683552033638,0.0,479.2115771726532,478.3332747258211,478.05685050853805,476.64856957678353
0.3,-0.0006374863372415325,-0.00018496511139522243,10.152258207784842,0.0036444432183433406,0.0027970228710350042,0.0,-0.006385268220174765,0.0004029584092251052,0.8946213117012504,0.03764193127644966,-0.002839284604224217,0.0,419.53728194486945,419.4585261950319,419.9462542833324,421.06179148676654
0.36000000000000004,-0.0010759316380432482,-7.969432802048439e-05,10.20820498631016,0.006053017311368869,0.002851656729720098,0.0,-0.008224592684012282,0.003335824543845081,0.97020881605169,0.044725448996868124,0.007517001695224559,0.0,428.7587141983955,429.6375482880581,430.32795341844053,430.92795229786555
0.4200000000000001,-0.001635003659040076,0.0002667968543415494,10.271111704589723,0.008646717061370879,0.0029290058235824645,0.0,-0.010444812429660284,0.0085042990561574,1.1265384163461518,0.04005307056909636,-0.01563380090548383,0.0,457.090577788475,455.2421199041817,454.79362485789073,454.4202726129606
0.48000000000000015,-0.002320555788896068,0.0009714534049291129,10.342412274898104,0.011195096459649001,0.001973701249101012,0.0,-0.01230673714526832,0.015244643496786137,1.2500178452628545,0.04691871548140261,-0.016503907335699106,0.0,445.4602872411073,445.3892325159748,445.44428035293754,446.00628484967115
0.5400000000000001,-0.0031026042351529866,0.0021724144566179077,10.424183892030829,0.013591198410058958,0.0008197257005360115,0.0,-0.013632614275075724,0.0251057787243733,1.4754356768600507,0.019879221511654367,-0.025341351205309857,0.0,477.083781347795,476.4086724821835,477.44846110536133,475.38187809983214
0.6000000000000002,-0.003929763767254117,0.003916516607969405,10.512254436593956,0.014959711140824616,6.282190151629077,0.0,-0.013799790864463722,0.03314048782398953,1.4602671141666683,0.028102975152778792,-0.04251774500540388,0.0,401.85888996487836,400.298549227961,400.45086641730535,401.19827660146734
0.6600000000000003,-0.0047282951918590594,0.00621257827050314,10.60234861205278,0.016758302164289418,6.279738704042002,0.0,-0.01256962253577985,0.0435666496828509,1.542760817945721,0.03348186651288162,-0.0377288749477898,0.0,433.5557371078918,433.9569433868714,432.9370290075639,433.38963504455654
0.7200000000000003,-0.005387321748523191,0.009249834311011512,10.701953921098642,0.018309779989590602,6.276973211830981,0.0,-0.009105710461172568,0.05789596196746479,1.7770765546716811,0.0027335913858807914,-0.07343017620282995,0.0,480.3786959175291,477.6626180539536,482.0017059807779,479.6725938282154
0.7800000000000004,-0.005755597791075288,0.013188880311047597,10.8162782084979,0.018646722018040407,6.27269487824633,0.0,-0.0026302514824529714,0.0734296880289936,2.03330854686103,0.010833458928139233,-0.06736504978467964,0.0,487.1402676648724,487.5901229279578,486.2153209484607,486.8216379892811
0.8400000000000004,-0.005682151018008784,0.017981125930895358,10.941216773598203,0.019114453152454303,6.268903128854815,0.0,0.005473636025268467,0.08636591169134275,2.13112676321031,0.0008966373643049439,-0.05594734968708443,0.0,440.1041200634657,441.04509655409134,440.3994601877865,439.5767242673734
0.9000000000000005,-0.00498405952704337,0.02363798740601033,11.076221361788596,0.01967742419387708,6.2652360708668375,0.0,0.018215399025584812,0.1022294176770788,2.3685574002633256,0.0224753228244801,-0.07424167479028293,0.0,484.2819169951573,482.9015106933414,481.17078938822885,482.8014518556492
0.9600000000000005,-0.003492277944230075,0.030194963871101065,11.221923202805707,0.020859491439654043,6.260905167389328,0.0,0.031966242554478184,0.11646440763411384,2.487905938509371,0.01347870625098484,-0.0683529630251379,0.0,448.3887823532199,448.8629228315157,448.63370648845626,447.902617861401
1.0200000000000005,-0.0010195042171022091,0.03768837039027658,11.377607598254086,0.02166759575931998,6.256627441659415,0.0,0.05094503149879545,0.1334011625465751,2.7010801153002433,0.013447796101288259,-0.07794337181814197,0.0,477.2925473627391,476.55650565572665,477.58116493431595,477.57867761974165
1.0800000000000005,0.0026217386505084407,0.04615730542127281,11.543330881373913,0.022435915962606856,6.252222523833876,0.0,0.07089805676533315,0.14897249413356603,2.822719841746795,0.011488452534282406,-0.0656277415114602,0.0,449.9132719473674,450.9051034240137,451.22195394793084,451.0636296926624
1.1400000000000006,0.007508236659753561,0.05554597565085252,11.714988721504321,0.023458417181868363,6.247849886165195,0.0,0.09238172236712468,0.16406422659077827,2.899000265881695,0.02631558412836166,-0.09413996826672309,0.0,438.0719619056986,435.69002547218736,436.8740137879414,438.10850009264004
1.2000000000000006,0.013714189673120429,0.06582222273001584,11.889487580172332,0.02508661418277569,6.242405061740367,0.0,0.11497990178813225,0.17861960059677418,2.9175558576827685,0.028729863181271943,-0.08470728946023132,0.0,418.61861008171053,419.431119332224,418.5399273954165,418.75022177257495
1.2600000000000007,0.02151238422926738,0.07708676320546075,12.068420969926219,0.026260891577270407,6.237311044455165,0.0,0.14548657353149472,0.1970254618717233,3.0465236676823353,-0.013862286192143415,-0.08528884707301712,0.0,454.02728446450107,453.97487330602866,456.30530181194683,452.8924381471401
1.3200000000000007,0.031163800152492992,0.08942145712188429,12.253228501024203,0.025040694920849482,6.232075875982691,0.0,0.17672103474075,0.21402983615934196,3.113520888367516,-0.03823299349547452,-0.09149929753306443,0.0,435.80537090827767,435.27945120215577,436.7342153835765,434.69665873978096
1.3800000000000008,0.04284589998889018,0.10277144742765519,12.443056879079418,0.022412542452662443,6.226741066925442,0.0,0.21321929088253289,0.23071328044447267,3.213786371900373,-0.0582898340855784,-0.08419043526821661,0.0,447.00658482967964,447.5952452153069,446.73859207164713,445.0989471525857
1.4400000000000008,0.05675066956280528,0.11703423727247554,12.637572875887804,0.018745842718195682,6.221551104945203,0.0,0.25075195385248644,0.2443658575839022,3.2698943468461428,-0.0674520936100813,-0.09156737118850306,0.0,433.8232038285683,433.1969037363569,433.34924771959373,432.57556190297527
1.5000000000000009,0.07303092960447952,0.1320492236013074,12.835794829231574,0.014846054613532722,6.215927887290279,0.0,0.2924500908529303,0.2557420154442401,3.3372753527128443,-0.0604912619065383,-0.09841329502873972,0.0,436.48055703420107,435.9011812742873,438.0533372929419,438.6286155117882
1.560000000000001,0.0919027650654857,0.14766627944858918,13.037729383368971,0.010891956119272628,6.210192016079214,0.0,0.3371541261312945,0.26446248785604676,3.393668766409509,-0.07983360377464138,-0.09049366801593867,0.0,433.75364458343915,434.4102004581061,435.218426596567,433.59293571870535
1.620000000000001,0.11370293426862216,0.1637438277933978,13.244884506677625,0.005945512054941204,6.2045251716285605,0.0,0.39006880207381384,0.2709412994547711,3.51110002268381,-0.08824033950811655,-0.1038304453862171,0.0,454.04215054202024,452.9633853804596,454.6866771853545,454.0072585551702
1.680000000000001,0.13864668323781415,0.18009362352333105,13.457147606674559,0.0009662119094935306,6.19813120980448,0.0,0.44197349822135024,0.2735620810947857,3.5641151452870785,-0.07414590866247589,-0.11268556184961881,0.0,434.6250176462793,433.8718705045548,434.1387522587667,435.3139343674517
1.740000000000001,0.16715557800945213,0.1965075883471376,13.676351113340965,6.279353548782812,6.191155597400911,0.0,0.5090491215679761,0.273047835204904,3.7420176781536596,-0.0953416831629051,-0.1245812482136088,0.0,474.270431290018,473.3445716800736,474.04630430861874,472.4097726417784
1.8000000000000012,0.19954571209530464,0.21279044934539137,13.902948603136746,6.273500028183831,6.184133304779273,0.0,0.5712999132355562,0.26915047488540134,3.81091720851322,-0.10240471950350065,-0.10512057949799822,0.0,440.1583455859919,441.7533905564361,442.2691766756497,441.67877673541074
1.8600000000000012,0.23622912824557968,0.22867661403929632,14.13788546117872,6.267433287769432,6.178133508690728,0.0,0.6521282001131594,0.25967471549664656,4.019495056189072,-0.09864724849649441,-0.09133878595701268,0.0,484.3322832419968,485.3599499731217,483.96832483906104,484.24313938654524
1.9200000000000013,0.2772754788251106,0.24394863898445557,14.379448516077133,6.261502491278371,6.1735912559961506,0.0,0.7165091469978871,0.24886495243736015,4.032482924111333,-0.09924801859033584,-0.05528324212084164,0.0,423.7567374016741,426.8397123574671,426.2879962473026,426.22779678595117
1.9800000000000013,0.32273763910515935,0.25836624805579034,14.626102976725377,6.255503572017211,6.170645280657519,0.0,0.7991679709139186,0.2310758894344376,4.188690341985802,-0.10149065018744796,-0.03895721843018087,0.0,470.404101633984,471.66531261482424,470.9699404054984,470.7884342272828
2.0400000000000014,0.37288001451936437,0.27166804610079887,14.879121424973642,6.2491645583370286,6.167937146559662,0.0,0.8724470686114735,0.21173178361878978,4.244978679970009,-0.11562652790286548,-0.061857559928067976,0.0,442.04867863891127,440.1560126903986,442.4112108309661,441.23568008307615
2.1000000000000014,0.4275433880596307,0.28366318100813676,15.13609772405526,6.242676040624666,6.164566498883396,0.0,0.949966815973069,0.18746040632141606,4.320518344522191,-0.09629757123474234,-0.04672876267608997,0.0,447.3141671957248,448.5423991952585,447.6483118903017,449.20816503959253
2.1600000000000015,0.48674135833818477,0.29413896276509005,15.396100860358812,6.237141908860798,6.161866222155931,0.0,1.0235230770037351,0.1612254799422921,4.346070528561451,-0.08515207977678285,-0.041762841099625414,0.0,431.7777653252398,432.19531834370144,433.53249809200247,434.4606114130395
2.2200000000000015,0.550654170044195,0.3028429649089435,15.659711793185053,6.2319140703486156,6.159839657459898,0.0,1.1070677668083388,0.1284066142255325,4.440504044528361,-0.09141141047913155,-0.021296198850080026,0.0,454.6360729603882,456.27261230229266,455.3149215672585,454.8077156091166
2.2800000000000016,0.6192925609172183,0.3096051117315369,15.926390751602346,6.226053035847304,6.158450285175729,0.0,1.1809725806336955,0.09650596763338676,4.448685641364428,-0.11475923774057724,-0.027162545588517457,0.0,427.48703676346764,426.98672851774234,431.11212261195266,429.1256885578575
2.3400000000000016,0.6928852144658527,0.3141133267109193,16.197500926294403,6.219407237483463,6.1569244619786705,0.0,1.2721936367067292,0.05307703084356144,4.587658094161756,-0.10378212372697734,-0.02217388961366115,0.0,469.9145320233615,470.30104158660475,469.54687052104447,470.38757550416665
2.4000000000000017,0.7715619105162944,0.3160860715229784,16.473665519763728,6.2130440948656265,6.156358113067316,0.0,1.3504021075058574,0.012117408455083481,4.617616496267114,-0.11102604485680177,0.008294179065393259,0.0,435.49464098699593,438.0360806635757,438.45948358026396,437.84711049728105
2.4600000000000017,0.8550364428601618,0.3154239061842106,16.752436100903513,6.206672891989244,6.156596148277622,0.0,1.4319862941664108,-0.03479010307560197,4.674420541124193,-0.09794210825083488,-0.006514741528946078,0.0,445.9992786331481,444.7879224496755,447.05342821820363,448.1085046721758
2.520000000000002,0.9426016734573862,0.3123125776248313,17.028359221528458,6.200969360642626,6.156314670551955,0.0,1.4869263203574277,-0.06933928610945057,4.523569085811282,-0.08984309890753617,-0.0012732050267492898,0.0,375.5132405886496,376.02152517716615,375.345139782365,376.12093092680504
2.580000000000002,1.034373599764212,0.30646059221895666,17.302353145207345,6.195279104376075,6.1558562408946,0.0,1.5720819132423167,-0.12624110529768448,4.609114651997419,-0.10738086156947578,-0.02511036976044012,0.0,456.3038521802898,454.3968094142016,455.49461152436425,454.0821519152939
2.640000000000002,1.1307491570241732,0.29743296481763826,17.577474503154487,6.188926617850505,6.154899398689462,0.0,1.6405235634940731,-0.17520206633250376,4.561683605657317,-0.10302332268145174,-0.0020528138123899814,0.0,410.8562790279,412.89581968786223,413.2664574824604,413.63968532197754
2.700000000000002,1.2319688642058046,0.28482511672826566,17.8553929005662,6.182867591869723,6.155571345661215,0.0,1.7333130883286534,-0.24565605790103845,4.701568176195189,-0.09719122368642087,0.029438976862913913,0.0,471.746019776644,474.17169038168197,471.7499015588673,472.1918884636096
2.760000000000002,1.3381297028879962,0.2683319225035362,18.137046235035104,6.176944801854262,6.157415522744795,0.0,1.805191444439505,-0.3046175034468193,4.6868608019918625,-0.10194268810412026,0.03321182170869502,0.0,425.12321834617967,425.44678172694455,425.0174988145178,424.6011284301621
2.820000000000002,1.4484243601669078,0.2483160502816222,18.41671781566445,6.170716547601458,6.159175772716768,0.0,1.8711273866243945,-0.36308749732077233,4.635661190853423,-0.10781104044735507,0.02017371371720484,0.0,413.0486480442446,411.8973555616423,413.2396301073531,412.7116215620585
2.880000000000002,1.5633973102174217,0.22400067252488834,18.699355736553052,6.163803849911716,6.16090180026643,0.0,1.9610109649776069,-0.44806899339400796,4.784847216716421,-0.13718390851151827,0.04198675450140629,0.0,475.93494508411027,477.6018866745058,477.26348554118476,475.00458817453244
2.940000000000002,1.6829497978097723,0.19517498296901087,18.984763092025112,6.155394367330754,6.164236977942544,0.0,2.023809938551014,-0.5134695981687246,4.728877142113249,-0.1468826746987221,0.07415429338797747,0.0,411.6521015384014,414.4913986178119,412.34151362049795,411.46361369066705
3.000000000000002,1.8069703510717718,0.16145253828699427,19.27322917597505,6.146799045762325,6.169149155095738,0.0,2.1095433249760447,-0.6114833615460353,4.885863853359063,-0.13684778906574707,0.0940074764937043,0.0,479.0491862458567,480.56137847691906,479.87062953820885,480.6143230192817
3.0600000000000023,1.9356496838132429,0.1220905893356546,19.56798159738644,6.138203362794302,6.175666185450254,0.0,2.1790846521769285,-0.701346088679095,4.938898525395379,-0.1608838115330001,0.1281200889524416,0.0,447.7546016125711,450.5313104252875,451.48362322644465,449.52048018144535
3.1200000000000023,2.068976745184133,0.07631194250522598,19.87167328927057,6.1286947491634844,6.183515915864515,0.0,2.2639921889999948,-0.8256328642150137,5.182928617877158,-0.15405736337035517,0.13575515319760664,0.0,506.80016657963455,507.36205433707835,507.28568589340557,507.75526337214734
3.1800000000000024,2.2067874525170508,0.02346292349681336,20.186017068646596,6.1196722389013605,6.192007635022694,0.0,2.3286974030658096,-0.9368724893724943,5.294570223660234,-0.14388204629408566,0.15110127276669938,0.0,470.6734430427376,471.877023405097,470.6404823978231,471.40755217402864
3.2400000000000024,2.348189728990317,-0.03608205432942672,20.506031944582904,6.110831551500837,6.201120677896835,0.0,2.383693208998023,-1.0487687891235442,5.372125889726061,-0.1553585199729957,0.15340349934136635,0.0,461.6892056972631,461.89161819269736,462.6814344022503,461.7572921574738
3.3000000000000025,2.4927011805146155,-0.10254463063076656,20.8308071978675,6.101254479714347,6.210700141701675,0.0,2.4322981856221597,-1.1675263072418733,5.453197787243679,-0.16988123581973438,0.16988736785334205,0.0,463.7002949709998,465.01639053407746,464.38227941486565,463.2182488620397
3.3600000000000025,2.6399069886010698,-0.17631129558997008,21.160318010519063,6.090600648675988,6.220566473642842,0.0,2.4734477763041314,-1.292321401507855,5.529962277279146,-0.2009328412174427,0.15039242553082346,0.0,464.84441305934087,463.3382071796066,464.8322447621706,462.3619659142719
3.4200000000000026,2.7893482060962604,-0.25772076219511064,21.494061335549322,6.078252087297539,6.230324523764299,0.0,2.5068983655783685,-1.4224466354926113,5.594264928027486,-0.21795805058737974,0.17985686892210423,0.0,460.2000379827499,462.5501804882473,461.66066975413344,460.274745921921
3.4800000000000026,2.9404638483686725,-0.3467150221307389,21.829383400841536,6.064755360297276,6.241500705455813,0.0,2.529250706470419,-1.54517876564731,5.582962448119569,-0.2449624881034611,0.19671070692280704,0.0,437.8176588949417,439.2518069605909,439.09036537308106,436.79168931296545
3.5400000000000027,3.09278880242112,-0.44378609101107763,22.1660811367119,6.050307879470891,6.253441520866096,0.0,2.546991243215403,-1.6918536306761904,5.639680767144101,-0.2335500648428836,0.20325512602469487,0.0,460.5290955963776,461.08370219837053,459.6967110530998,460.54443117900706
3.6000000000000028,3.245847698957515,-0.5492918344658286,22.50343540648499,6.0371369963748585,6.265383333833434,0.0,2.5538776805214227,-1.8261560486760235,5.605334777254429,-0.20055690844924878,0.18887269379926117,0.0,431.89563600521194,430.7205482280961,432.0464525967346,434.769471692953
3.660000000000003,3.3991863553437582,-0.6643764537705159,22.843826393113257,6.025453255298936,6.277104206566202,0.0,2.5560528265556894,-2.0110818955467047,5.739933270530893,-0.18508501379195566,0.20587167623309308,0.0,486.50002459758235,487.8046577839384,484.12446496588217,485.2536318637302
3.720000000000003,3.552376077721159,-0.7910046012635241,23.19296639378529,6.015185109600576,0.007197746825443829,0.0,2.548717357993039,-2.210795874694533,5.896822052466084,-0.15225227279966286,0.24154834221651125,0.0,493.4441977065301,496.112952430765,493.42827042100635,495.8207982397564
3.780000000000003,3.7048327210010044,-0.9288086419737176,23.547718086780172,6.005869762521865,0.02161851562113526,0.0,2.5317162034887026,-2.3834665092626826,5.927723684966023,-0.16205518914381273,0.23783171713178436,0.0,458.1663533030895,457.9265234301353,459.77948169493317,458.9799718703922
3.840000000000003,3.855979167064577,-1.0771112773988494,23.90412772170137,5.995944933873755,0.036246453730915285,0.0,2.5050631715270995,-2.560793459982224,5.952056426171716,-0.17314586690883538,0.25363138927532614,0.0,456.9951982004052,458.3102871105045,458.34167916575734,457.43381995866895
3.900000000000003,4.005232829443665,-1.2362071668558317,24.26181952005273,5.985927649026893,0.05161447108094119,0.0,2.4685587132572167,-2.743265875429029,5.970437626367515,-0.1568112449069615,0.2607101858410984,0.0,456.8435700382762,457.4715931736825,456.360406476329,457.6366251883614
3.960000000000003,4.1519336537193645,-1.4067259855832528,24.621496132257285,5.97729166909388,0.06733787749370546,0.0,2.4198753427897848,-2.9414264854339143,6.018018340980689,-0.1260742866949955,0.2646169262814661,0.0,467.36657015099024,467.7364155231394,466.44252777762495,468.81831460012995
4.020000000000002,4.295459335246138,-1.5889757436387435,24.982944651306546,5.969826795481559,0.08317086173169841,0.0,2.3627870706402643,-3.1341812981617436,6.029710380908477,-0.12128915147240087,0.2623769171948109,0.0,457.6518475330592,457.5414520933139,457.72137316999016,458.08854700646697
4.080000000000001,4.4356517296602425,-1.7814818454990955,25.34058263647818,5.9624393130791375,0.09851447489749088,0.0,2.309089025439336,-3.2834021934140334,5.891875904115217,-0.12707045843934506,0.23716737976490287,0.0,408.53228535972977,406.349079080923,408.47382034291127,407.9425425685906
4.14,4.571684668087222,-1.9852748416396626,25.696565365278833,5.954410920057146,0.11337407891558993,0.0,2.2238526035176887,-3.510256493941541,5.973096152603784,-0.15275884818674318,0.263033753691855,0.0,480.1816759381097,482.1956676404435,481.0266996983595,479.06147103961985
4.199999999999998,4.702853950662576,-2.201241099081339,26.052640248731514,5.945472517326042,0.12924118249644412,0.0,2.1471269444308003,-3.6893890252893113,5.8958403595702285,-0.14231926723180052,0.2671408937132915,0.0,431.4637730966508,431.88316074927377,430.273812156062,431.1352388807913
4.259999999999997,4.829016895679554,-2.428439932657328,26.404972949774862,5.93713428665157,0.14506400898419614,0.0,2.056921709456283,-3.8845980230272494,5.848119592119138,-0.13300334348498702,0.2558058953391157,0.0,441.9893446020263,441.12440441560835,441.9266020374003,442.67592435514126
4.319999999999996,4.949427330317028,-2.667638518979344,26.754762259437758,5.9294324816004185,0.16027194657260058,0.0,1.9554335712847088,-4.089313920539006,5.810944956539438,-0.12041331558722469,0.248330157785094,0.0,446.5189564940176,445.97270797782437,446.4750146535522,447.4862006266571
4.379999999999995,5.063254055382189,-2.91972919895258,27.103515527427486,5.922281736019304,0.17485754770250495,0.0,1.8374742682547414,-4.314228238831847,5.813286068585167,-0.11682052940616212,0.22977665188795515,0.0,462.01045359277174,460.6013438337928,460.8883556395161,461.16006603210155
4.439999999999993,5.170272517617354,-3.1843788512349596,27.449486890234102,5.915431601259417,0.18851424517587567,0.0,1.7287212249835224,-4.508037386948926,5.71878571850153,-0.10933699726072457,0.22289591793342456,0.0,430.13798837140934,429.6081072615997,429.8815425916274,430.503246608012
4.499999999999992,5.270974438779825,-3.459985038051693,27.787671809610615,5.90899336779899,0.20195737042735917,0.0,1.627027643069452,-4.679509918177837,5.554142092718157,-0.10352275736800812,0.2262655177526061,0.0,405.0656821585061,405.4237491542444,404.6050638199933,405.1169696694351
4.559999999999991,5.3649817130763235,-3.746709118322511,28.117759776226478,5.903913437722247,0.21563255264256842,0.0,1.5055006682384964,-4.878485496374599,5.448481487086711,-0.06160983846763739,0.231032534633148,0.0,426.07302014166436,426.53446003210564,425.39191976213004,428.959675385968
4.6199999999999894,5.45086345612257,-4.046504958519781,28.444044063448338,5.9002942416385125,0.23019580344070967,0.0,1.3560471198643513,-5.114961202510817,5.426833938068143,-0.05785850300388186,0.2593679387106454,0.0,455.65930600307524,457.9753997134275,456.83128022672355,457.1279015878885
4.679999999999988,5.527416865324766,-4.360717048078198,28.769301279962523,5.897195150142361,0.24534842904996523,0.0,1.1944496344649491,-5.358969305442074,5.414128653030771,-0.04147769817338775,0.2332466200381251,0.0,462.8051392151676,460.804725860503,461.26423839745655,462.5546459685651
4.739999999999987,5.594615284205204,-4.688730314862941,29.09145765432465,5.89421568303165,0.25906321247922204,0.0,1.0444433108034077,-5.575122146505518,5.3239461342269045,-0.0758611154092635,0.21709207234085195,0.0,437.37640629761194,436.0812583299994,438.8339697579738,435.9678289492962
4.799999999999986,5.653151188866459,-5.029014050462235,29.406219448474932,5.889747292848158,0.27232937666640655,0.0,0.905815436124491,-5.768221627835809,5.167931341472415,-0.07183396965006786,0.22810040384874608,0.0,413.45330053405445,414.4744478452857,413.97962180939084,414.3291359505396
4.859999999999984,5.7025953995861745,-5.381786157955928,29.713482116429788,5.8849948773709055,0.28619213563883505,0.0,0.7413178585006043,-5.991275047012037,5.073502286267492,-0.10105704993291242,0.23635806986131697,0.0,437.40320466044517,438.14440215323924,438.3751979159909,435.933953893426
4.919999999999983,5.741786125656998,-5.748268402788938,30.015490618071,5.8791631230039485,0.29998415300397685,0.0,0.5640273733323724,-6.225277192214621,4.992553218888906,-0.0904217065812386,0.21195287071301966,0.0,445.6596370006343,443.7117562447279,443.0472217794333,443.9128321576094
4.979999999999982,5.7685411056759905,-6.130911248109112,30.317190858029605,5.874911628950613,0.31254104540955385,0.0,0.3269295296298322,-6.529577044572346,5.062214943728469,-0.04726715800862506,0.20332930022956694,0.0,497.87596997132766,497.2824419395863,495.5933318884403,498.7517899519893
5.0399999999999805,5.781253094724804,-6.531385497518865,30.62169453146446,5.872149056696781,0.3251557920256589,0.0,0.09597877318848282,-6.819597347276248,5.08631536849188,-0.043701012845636156,0.22135098244772597,0.0,485.96025074069246,487.3484978847344,486.298329644633,486.5643945715836
